1854.651822	1720.893610	1581.931236	1508.008920	1391.935119	1198.460944	1172.162989	1084.304199	1053.863103	971.299440	875.941345	900.611180	875.033016	799.203893	774.733732	763.064755
121.085061	115.473580	115.905083	121.859018	108.779004	103.853358	94.957338	86.012435	91.127428	81.017462	78.599667	78.678249	63.563366	72.312077	63.489943	72.589655
72.567369	66.453313	74.832260	77.239327	70.159728	71.045916	67.443801	53.903667	55.463334	57.010550	48.859256	43.287000	42.281630	44.604988	44.490485	42.902291
59.116634	50.295558	58.054644	54.838300	59.136268	46.411661	48.360069	39.180587	43.304650	37.104447	39.858403	33.441247	32.843963	31.743919	36.151042	33.375923
50.256588	41.568744	43.766146	43.071930	44.285314	36.256356	38.840800	29.671275	37.976106	31.548255	30.597143	31.621385	27.436412	26.792131	33.492975	29.672738
42.029934	45.726033	40.235993	33.937795	40.067137	39.649536	34.706678	31.070835	34.641988	29.151709	28.145482	26.883264	25.459580	24.629247	24.682259	27.671458
39.856531	36.774033	34.419375	33.223280	33.804018	43.779098	29.170893	28.582144	26.157083	25.222358	27.338644	27.609686	23.890931	23.229926	21.619301	25.266711
35.617149	32.162748	38.500882	35.128169	33.677643	33.101756	29.489731	24.586413	24.816946	22.495493	24.892853	26.798163	24.025015	24.286846	24.548131	21.783007
36.483375	31.371441	31.938356	37.329598	33.453505	28.344506	26.076344	27.412414	26.919552	25.690028	25.519901	19.690958	18.654096	18.400921	16.627757	19.865223
30.593945	30.338578	32.367630	33.823589	29.249575	27.607615	25.055970	24.739968	21.727614	20.406014	22.849250	22.594434	17.796086	18.147116	20.605219	20.939285
31.540540	29.508814	28.929493	28.559821	33.752062	32.817199	25.768352	23.125588	25.458709	20.685699	23.205162	18.658939	16.511727	20.585615	21.030401	17.527562
30.029988	27.003423	27.675453	31.930119	25.529826	27.814154	22.545784	23.386679	22.954752	21.142549	24.102939	21.252470	20.262984	20.884138	15.884650	22.123904
30.881377	31.638625	29.748160	31.856929	26.714563	29.987343	26.732561	25.584494	25.327346	24.151547	23.966266	22.885058	20.793066	18.613754	20.704346	22.544258
34.143075	28.303117	34.108571	31.888693	31.060117	26.231068	30.117684	28.289337	25.141791	26.097029	22.509830	23.789685	24.803945	22.250502	24.188722	26.554649
39.158512	36.516310	31.031894	36.701328	41.323390	30.729021	38.645567	26.154478	29.821865	33.168508	33.463715	29.484644	26.155823	26.423971	30.907017	31.356746
42.685456	40.527167	40.119134	44.378719	42.396669	42.783649	40.432711	31.746048	37.416301	35.636260	36.679352	37.498685	36.916273	35.650284	39.596132	36.887133
52.376231	55.368056	52.855384	48.379202	50.907774	47.980660	47.915516	44.028508	40.846664	44.563044	44.953694	49.821698	51.160119	46.128955	53.421068	51.990107
57.481034	53.719465	57.956104	59.546725	62.301237	52.927202	48.337624	54.885989	54.705171	55.247371	51.283312	55.763360	58.025652	67.829183	66.452191	67.736328
61.832475	70.822383	67.663406	78.200897	69.304797	58.019493	60.497031	57.613019	63.036209	63.014792	59.053538	67.457123	87.619049	72.897116	82.503160	75.886849
71.894062	70.505568	70.603254	79.207853	76.431394	67.345502	70.365930	60.381321	72.851107	75.462831	66.621673	74.307019	86.285352	80.268781	79.872187	86.216490
79.679925	75.015694	72.014918	78.394683	77.710763	66.054931	71.725192	64.452731	63.264101	71.315637	68.864136	68.975646	79.968198	92.218210	93.416678	91.689631
72.706545	65.461813	77.766562	70.720502	74.748667	74.656684	78.796378	66.009708	70.410336	77.085218	76.664058	82.371062	82.373413	90.967110	98.698130	95.754110
74.580649	71.996942	71.793399	81.740042	77.963798	70.661743	66.982043	71.001936	80.738044	71.415947	78.612445	79.847307	90.187247	90.329807	99.404997	100.044783
70.306469	67.875096	77.210786	81.476993	78.619024	73.559407	71.215895	66.910985	73.706033	72.712663	75.312247	79.727641	94.742176	96.159519	107.237733	104.737528
75.597832	75.616927	75.302128	84.319112	73.855683	78.836620	68.218073	67.806847	75.103113	74.408975	84.600155	84.111133	94.381079	95.075204	97.117691	105.854750
76.197815	78.128679	75.971148	78.474846	77.572849	78.811177	77.342830	67.054341	74.272526	70.036270	80.639452	81.420509	87.842516	96.608965	118.838555	107.042498
74.846032	73.234162	80.815671	76.838703	82.941934	75.408372	62.352946	71.918288	75.868860	72.140331	79.693503	84.180847	92.977299	101.380616	106.995384	112.021020
86.046142	72.598904	72.301761	84.054970	78.412578	75.764842	75.595870	73.544099	76.911778	72.895958	73.505537	78.983578	90.187489	100.924583	109.556793	121.987083
77.919922	85.269446	80.532982	82.457095	79.692588	75.034630	78.069885	73.476661	77.351538	67.520390	73.744831	80.523460	81.272773	104.949057	115.642019	118.022907
83.290037	85.833235	80.807274	77.202939	80.435889	84.004206	75.527925	69.987260	78.655169	78.080414	80.535628	80.843424	87.732750	92.457600	115.700954	126.252851
96.458630	94.685837	87.644565	93.083394	91.285780	87.426572	85.830463	74.941544	77.603089	78.185028	82.756056	80.572150	93.594325	104.487692	104.909278	123.592681
90.770084	90.537770	92.261873	89.372617	89.247313	93.511424	84.371447	82.687521	89.646520	80.567230	79.208237	87.717368	90.934505	95.297891	105.414303	119.286096
99.560111	87.005251	93.633420	104.319145	87.808574	97.510223	84.447890	81.030716	83.918809	88.210446	86.365307	84.972947	99.135737	103.385687	108.372636	122.002258
101.651164	112.552314	97.656759	108.330586	107.379577	91.227956	93.753652	84.306777	88.613203	88.784189	88.878119	95.121344	97.289070	101.668073	127.163863	121.153887
112.849727	105.371014	113.678588	101.237348	101.786350	100.938646	92.016872	96.750681	98.546002	96.199879	100.522864	94.352262	100.575747	103.075047	115.102360	124.250518
127.191036	123.875430	101.461553	114.224044	113.398243	105.505126	108.989000	102.327224	102.321729	107.307196	106.347323	115.202699	105.308392	108.959479	121.647763	129.370810
132.457977	134.953300	117.021676	118.792514	117.609223	122.869449	114.405457	104.649544	105.582865	114.097949	112.198011	117.566356	119.487742	122.222767	124.245563	128.885260
146.085822	141.048806	131.192858	116.215473	118.361218	120.926369	123.805072	113.925040	123.973638	121.792061	119.281582	118.461770	116.933436	134.220299	124.975553	125.053535
167.499963	147.900851	147.617311	151.992285	143.450324	120.511668	128.501506	125.003603	133.262218	128.632053	126.067275	133.937502	127.007561	140.819155	137.769279	141.384187
175.473160	153.857089	164.384456	149.218043	164.014267	148.903722	133.222496	149.535379	142.613694	141.907976	145.571929	135.297780	157.455769	140.537099	145.264738	152.018334
189.991543	179.195341	169.985257	176.961162	164.362626	170.117575	159.373185	151.439452	159.558093	153.391182	156.304725	144.910223	147.178098	160.597884	154.837570	152.616410
198.450434	177.725406	176.285143	181.360546	181.142386	172.575169	181.970117	154.305597	155.036291	155.254337	162.642585	163.680886	172.521312	162.811344	172.224651	167.513602
227.166398	197.633087	205.685695	202.498357	206.419778	208.873826	184.355346	195.588142	189.207484	184.209126	200.101880	178.309579	178.201467	176.947100	176.597820	187.807009
222.830942	228.414363	216.981939	224.332843	214.983797	196.403660	220.030459	200.351741	192.253190	198.164992	194.433027	201.446311	196.557539	190.220433	211.414503	197.260579
261.354375	256.589111	244.808896	241.696872	246.080537	233.139510	216.703484	214.257635	203.172117	232.196351	199.547649	194.963742	217.833333	219.042471	213.544980	212.313668
263.543157	278.852280	274.842413	269.273653	267.871996	255.456214	250.396060	238.816026	256.372883	236.860474	246.109647	233.801547	223.734172	235.673008	235.211581	221.243306
314.139442	314.555782	286.461705	282.331800	275.074862	256.857729	268.467587	258.680594	260.136858	266.663979	263.311926	255.952331	241.814605	256.304891	256.680229	242.578275
345.743642	347.378040	314.186647	316.340835	305.963233	284.611626	305.830114	282.840388	283.027142	287.406983	281.029177	280.343083	289.238947	269.313877	270.629307	270.956126
375.145716	368.009541	339.307356	354.264069	340.855350	326.594900	316.582798	300.662424	321.672426	308.075029	312.285894	314.198424	303.608384	318.857470	293.952143	284.838086
406.029788	402.374850	388.979939	373.230334	360.406962	353.261328	353.782453	347.922699	327.565347	337.973644	347.320434	331.575253	333.709500	330.637018	333.650141	312.252061
459.023974	453.816649	425.218417	426.777408	420.933828	418.815103	403.567162	379.620564	370.443395	378.343256	368.622800	370.234007	368.609948	372.654279	350.906933	360.480979
465.770130	480.868415	451.740622	447.200966	439.102377	425.227302	413.034393	420.204522	410.559166	392.077566	391.754789	397.554084	386.950278	394.606525	385.832667	389.572870
527.161666	513.693260	506.776646	492.531675	499.249569	462.249083	472.266265	438.350439	435.056560	427.565616	444.098242	415.339635	416.284367	434.926639	411.796093	426.306004
559.416451	562.018639	545.270840	546.256192	530.771659	521.549154	497.874602	500.075615	471.780677	471.671450	488.257687	461.760066	465.894629	465.992156	448.265622	459.286069
610.046162	632.028308	584.905116	585.113798	568.676351	546.992092	556.875382	523.172446	533.879066	499.464355	527.743439	505.198097	493.698391	479.081173	497.799130	473.905422
709.393209	672.237121	650.329139	628.154411	621.578956	608.463991	576.032276	589.979644	572.524686	565.688624	560.500809	549.995470	513.696372	549.333038	535.598386	532.174321
727.312887	751.159094	712.368952	676.066990	656.764886	662.089663	621.030571	612.308429	619.427629	609.101161	611.919804	582.301593	581.570934	584.252508	586.763783	551.856142
777.775699	764.906006	783.337915	749.389495	723.244225	694.452510	693.205524	681.713469	647.205107	684.964177	676.447133	649.458760	632.782500	631.159278	619.037253	610.411900
858.045090	850.656183	816.214260	832.440520	794.810274	751.754715	747.542742	725.493352	735.028370	715.958058	723.089008	696.370727	684.656893	682.005501	683.472576	654.292758
928.197317	948.679945	915.546984	876.347638	879.750410	840.546176	823.533158	771.087135	826.817425	803.833167	773.956726	792.453900	760.495850	755.537190	732.388881	745.609619
1009.524239	988.460244	992.417428	966.545214	968.058923	925.942413	893.583448	856.981517	883.261771	888.922284	872.466252	830.068877	824.314036	821.769447	802.307571	752.199877
1039.441533	1017.781326	1011.886254	1030.891230	973.485415	931.127356	1008.066457	927.122385	936.259028	941.931677	920.566248	913.443929	876.519629	883.351764	847.409460	866.738812
1189.118471	1157.892449	1099.128419	1099.893388	1106.018490	1071.574954	1060.733910	1045.138004	1010.876869	985.161083	999.096960	997.137260	940.355396	913.755309	914.043264	928.024855
1287.650525	1266.567083	1213.549223	1155.738651	1133.130096	1116.265614	1118.086375	1068.609974	1112.223319	1096.411039	1084.803812	1048.883285	1051.256457	1035.749648	995.978604	1000.608729
1392.661603	1341.553562	1324.517951	1279.548959	1241.022429	1221.453827	1234.232983	1176.313602	1178.337042	1202.880888	1167.595492	1123.375240	1111.601429	1105.544365	1090.271738	1039.632507
1480.132103	1484.805366	1433.597694	1397.252444	1319.728792	1308.496774	1276.935863	1239.647347	1272.397782	1265.686805	1310.172925	1216.094217	1215.911451	1203.189135	1187.313583	1193.940606
1637.434935	1631.703515	1555.668196	1519.090077	1459.768393	1387.225911	1422.982110	1340.818592	1358.559034	1291.912177	1320.727142	1347.287451	1317.057787	1286.553313	1262.426202	1248.112954
1808.103834	1753.363007	1657.900061	1666.228719	1577.078013	1536.236318	1501.246726	1498.112425	1466.898722	1427.931271	1479.687954	1412.150604	1402.011812	1419.588546	1394.806367	1339.681763
1862.928588	1907.766161	1868.341301	1792.006570	1728.883594	1656.120511	1639.008896	1557.540896	1608.297556	1564.071247	1584.948282	1550.226671	1472.866173	1524.828727	1483.672239	1491.766298
2044.862134	2008.881686	1959.570600	1944.700671	1877.001356	1766.739436	1750.881749	1701.249266	1729.193867	1709.653490	1698.745406	1685.042033	1646.249764	1603.478296	1616.455446	1590.434158
2235.366047	2214.760629	2153.659555	2161.964661	2029.644894	1995.226091	1966.160542	1875.634400	1907.510025	1807.551897	1890.742135	1764.870344	1753.050010	1757.873210	1729.962523	1798.335009
2323.715444	2354.253735	2270.240580	2198.597433	2182.686607	2147.450446	2094.954344	1968.016609	2055.845061	1911.145795	1969.082440	1979.988810	1898.846010	1856.928723	1863.241909	1841.717768
2596.684695	2573.159904	2450.461523	2445.134001	2316.178782	2346.414856	2303.249232	2230.750802	2184.956564	2195.132144	2185.723110	2091.783209	2074.518049	2016.158377	1984.206326	2022.543433
2771.399173	2738.922117	2587.348950	2595.203605	2491.026551	2441.542167	2422.176450	2398.374163	2419.828300	2340.085286	2358.843988	2254.282779	2223.380128	2200.163328	2157.961943	2197.526332
2959.279712	2878.755176	2788.424099	2790.251626	2678.289149	2717.721581	2651.788837	2605.850913	2603.548901	2534.083112	2521.817042	2479.038373	2381.869961	2334.756839	2336.754604	2319.396443
3208.948285	3109.514570	3009.372873	2973.532368	2929.536309	2809.510422	2814.063765	2752.374451	2759.971317	2705.471360	2747.501008	2650.844283	2513.757430	2508.353835	2501.642429	2477.599818
3362.848419	3368.457202	3195.831169	3131.427097	3094.073383	3038.792930	2972.027941	2885.293281	2994.954473	2915.957732	2917.669647	2860.446317	2718.320209	2740.590095	2686.395114	2685.029099
3411.279223	3413.071988	3393.754123	3307.914524	3177.088881	3231.410570	3139.821448	3102.406420	3193.244177	3043.579759	3108.416611	3082.814137	2941.157399	2926.561128	2837.377677	2880.201741
3585.289154	3509.300818	3603.332934	3474.202589	3406.950944	3316.034096	3349.297834	3209.173006	3353.081587	3245.283877	3262.539656	3203.615238	3190.738065	3072.082380	3073.723251	3116.221312
3652.729065	3673.566888	3627.953953	3643.414757	3578.548402	3410.081559	3474.464014	3511.849604	3516.394682	3438.290569	3500.154038	3375.217230	3305.989197	3311.613810	3314.623327	3181.956712
3717.204671	3745.247315	3768.199242	3781.211252	3743.839863	3725.097311	3691.282051	3643.428372	3694.870675	3524.563669	3612.036967	3595.083266	3535.400281	3572.133716	3486.907391	3502.647963
3689.387395	3641.713581	3794.525583	3735.352525	3693.712526	3788.126729	3806.811200	3677.353428	3726.909919	3705.502697	3751.438270	3616.410393	3613.501439	3649.936078	3635.040466	3671.855004
3686.197882	3714.102283	3797.331414	3757.723520	3767.186880	3864.026915	3902.432600	3850.323227	3788.461405	3744.271573	3853.412696	3835.089874	3781.346304	3738.812820	3787.657721	3789.333580
3723.366340	3650.636692	3718.370511	3765.287579	3844.568073	3812.234393	3755.438922	3828.297852	3907.070092	3824.254740	3789.518737	3831.908084	3757.668612	3790.494016	3874.743793	3776.638390
3459.024800	3587.524314	3615.170879	3673.017479	3739.934135	3827.301125	3931.123469	3775.622079	3951.194071	3924.068848	3842.946879	3790.027990	3833.243978	3918.394190	3894.688453	3908.887737
3275.507822	3311.489963	3478.251393	3425.304464	3534.744687	3701.647033	3828.775253	3765.681994	3768.514301	3747.294727	3825.449555	3773.069445	3706.313741	3839.588580	3779.304665	3849.956307
3166.660408	3188.979945	3203.279887	3312.919937	3294.128371	3503.538153	3619.300442	3646.903543	3678.462974	3621.539038	3755.931864	3750.840789	3685.474118	3658.869736	3767.905100	3831.222494
2771.191719	2923.451314	2904.956429	2929.494795	3218.979736	3219.674214	3300.039871	3407.860665	3543.440154	3518.703222	3542.136549	3585.798664	3605.277069	3604.011593	3593.675903	3684.292014
2631.297483	2630.278370	2819.419822	2749.786445	2743.014529	2992.127164	3058.020985	3086.956299	3136.207794	3350.846749	3281.934803	3441.425735	3478.405806	3469.344559	3539.047634	3402.456669
2199.089671	2340.707950	2391.832285	2572.481827	2527.912341	2578.982959	2734.587130	2916.577785	2857.595597	2953.353464	3095.819898	3123.405943	3163.336843	3239.353391	3277.280051	3275.450806
8579.686406	8934.750301	9898.759647	10449.736484	11705.171615	12334.575038	12263.177209	13950.886504	12824.988043	14192.183062	13410.786133	14594.160778	15802.318586	15715.590042	15940.096011	16015.955807
