99382.036829	99383.476179	99441.420918	99494.541703	99535.893040	99530.892148	99564.053542	99593.623260	99615.641742	99619.401545	99646.866566	99644.754543	99658.520020	99655.568713	99677.663681	99694.670352	99700.627520	99708.540322	99732.491362	99728.700766	99731.123549	99739.538814	99770.198399	99747.319050	99767.946361
99243.059199	99259.922955	99309.335204	99382.881968	99432.939059	99425.065627	99468.964119	99502.891217	99526.056400	99537.271917	99579.572664	99569.796494	99583.442691	99584.309638	99609.073004	99631.401414	99639.804962	99645.602303	99672.336137	99674.207683	99677.401249	99687.969613	99727.803513	99706.111894	99725.883033
99192.432271	99212.065995	99261.081834	99341.238017	99391.316372	99381.858458	99433.628374	99471.366899	99492.912996	99507.494006	99550.963011	99540.925621	99548.595912	99557.619051	99584.147657	99608.070463	99614.373401	99625.674715	99650.761931	99651.560311	99657.573814	99669.055140	99707.726531	99687.829153	99710.673082
99157.635824	99177.081470	99229.469949	99309.405122	99363.285249	99348.277938	99405.494408	99445.059938	99473.539525	99485.549360	99529.568867	99520.953050	99524.820605	99539.385795	99566.142302	99592.179181	99597.276644	99612.881779	99634.514918	99636.845778	99644.735879	99655.987942	99696.127426	99677.550207	99699.775928
99130.940629	99148.467261	99201.927943	99281.472502	99338.332157	99322.348710	99381.156962	99424.551081	99455.824649	99467.709754	99513.009208	99502.869398	99507.753029	99524.034413	99551.847097	99579.038870	99583.140630	99601.568417	99621.052990	99625.050558	99633.621315	99646.773549	99685.133615	99667.736769	99693.076993
99107.808381	99125.045363	99181.166843	99258.225173	99317.532080	99300.955090	99361.050433	99404.715137	99438.474750	99451.783977	99497.320375	99488.372764	99495.106891	99513.012443	99536.044553	99567.071153	99573.145882	99587.196862	99608.462412	99614.591069	99625.408569	99636.955702	99676.081125	99659.161613	99686.286104
99086.460089	99104.312372	99161.508005	99237.126565	99299.923442	99281.914888	99341.732738	99388.969209	99422.086401	99435.346831	99483.791272	99474.205170	99481.566570	99502.987842	99525.671019	99554.209010	99562.856405	99574.357778	99598.799996	99605.687371	99615.592202	99627.834045	99668.244458	99651.040023	99678.499058
99063.852672	99084.199202	99141.825647	99217.204928	99284.976523	99262.355333	99324.365407	99374.406244	99407.013101	99421.097290	99474.027233	99458.292012	99467.156147	99493.928081	99514.366401	99543.149032	99552.665213	99564.564168	99590.426455	99597.877647	99607.164558	99620.732119	99658.476496	99641.859276	99670.974839
99045.537683	99065.658742	99122.787063	99197.183274	99266.851180	99245.647897	99312.287382	99360.213394	99395.774985	99407.212271	99462.488142	99446.906341	99456.752343	99482.667046	99504.221484	99531.118746	99542.209498	99554.444264	99581.221282	99591.888854	99599.158981	99611.665614	99650.323351	99633.929657	99663.290410
99026.281278	99049.100146	99104.044680	99180.886513	99250.931700	99231.786006	99301.259284	99341.862527	99383.018543	99394.153509	99449.069537	99434.050400	99445.458923	99469.631650	99494.203119	99520.796681	99533.438874	99546.432544	99573.082754	99582.880170	99591.965368	99601.560393	99641.843856	99628.660286	99655.440179
99006.431600	99032.347833	99087.102096	99164.602240	99234.703812	99218.633277	99287.286520	99327.881021	99365.900993	99380.278767	99432.936218	99421.082380	99433.450781	99457.392863	99484.549296	99511.339979	99524.000377	99537.451549	99564.955049	99573.673428	99583.233856	99593.338489	99634.011061	99623.707412	99648.191221
98986.509736	99013.807631	99071.369036	99151.397077	99219.381080	99201.782762	99272.685720	99312.514566	99349.551479	99367.090022	99417.802479	99410.711789	99420.033611	99443.312207	99475.129319	99500.280272	99512.939572	99529.092465	99556.398322	99564.457878	99573.922712	99586.268941	99627.693621	99617.574996	99640.346812
98969.364952	98996.597546	99056.360374	99137.052878	99204.335677	99183.124155	99255.824158	99298.347422	99334.644310	99355.157235	99404.678138	99399.300269	99405.795698	99431.368212	99462.828280	99488.701644	99504.938106	99517.888841	99545.166260	99554.340566	99567.410892	99577.269800	99618.354759	99609.596258	99633.679735
98946.362857	98974.866649	99036.999956	99118.166566	99185.905809	99165.635918	99239.337292	99282.291192	99320.283070	99341.549017	99390.202576	99385.273680	99388.901361	99418.145782	99450.658897	99474.649980	99491.514669	99507.498571	99534.143507	99543.843167	99558.822426	99567.565016	99608.767921	99600.712144	99624.937202
98920.287240	98953.211565	99015.094331	99095.885329	99165.042674	99146.337705	99218.053869	99263.731764	99301.720976	99320.481519	99373.475936	99366.215817	99370.503845	99402.888796	99434.814313	99462.843465	99475.471457	99492.203243	99523.238773	99533.687518	99543.859112	99555.096422	99600.040069	99589.159925	99614.229103
98889.542185	98924.918377	98986.535012	99070.272269	99139.590116	99120.508082	99193.889822	99238.007548	99278.920821	99293.764789	99351.755276	99342.455251	99348.758719	99382.182593	99412.507080	99444.536533	99454.258844	99476.815864	99507.610940	99522.020175	99528.385588	99543.836250	99590.384385	99576.388870	99604.012096
98846.615715	98889.114947	98951.902181	99040.641914	99108.282725	99089.712755	99159.918143	99203.520113	99245.131167	99260.896045	99322.550652	99312.195290	99318.522524	99354.231996	99383.024410	99418.863877	99430.786188	99453.386103	99488.429436	99507.293649	99514.521412	99528.207357	99576.961051	99564.593992	99590.708570
98793.044370	98838.999666	98909.165260	99002.148401	99064.160222	99048.014036	99118.812366	99162.462593	99206.411012	99219.763454	99286.372452	99278.244845	99280.803541	99319.831510	99350.888207	99387.594308	99397.480745	99422.442159	99466.802113	99486.870383	99496.403832	99510.539168	99561.454351	99550.401485	99574.589274
98724.902663	98782.140646	98858.862142	98958.506940	99020.872542	98998.276792	99072.498605	99110.671073	99157.980222	99169.650291	99241.413185	99240.691228	99234.304352	99272.660386	99309.923202	99352.275818	99360.689336	99388.544662	99434.404676	99464.249468	99471.466186	99491.224462	99544.645949	99533.966065	99556.701189
98646.027903	98715.718331	98794.479825	98907.521919	98969.248587	98949.375912	99021.097001	99059.536740	99103.634312	99119.774524	99192.601323	99192.804607	99181.547171	99227.530663	99261.874349	99311.302735	99321.797552	99348.810010	99403.158378	99435.737823	99442.689026	99469.479494	99521.219636	99514.009778	99535.649046
98555.369517	98636.442803	98725.788089	98849.892303	98913.773491	98899.253732	98964.562043	99011.290122	99050.924499	99066.434117	99140.340164	99142.132826	99128.646302	99183.048795	99213.805234	99270.581371	99282.944450	99311.539796	99374.960312	99405.050625	99414.390479	99443.857444	99500.656093	99489.450417	99513.308546
98462.076204	98553.376010	98654.216602	98786.671481	98854.686267	98844.469154	98913.514704	98955.078418	98996.468471	99009.361148	99086.643319	99087.690819	99075.640328	99136.342680	99165.635592	99226.818712	99244.039898	99275.617677	99343.320616	99375.682097	99382.938256	99416.525927	99475.171868	99461.057780	99491.248218
98362.097394	98466.713660	98580.258947	98719.663477	98793.294435	98781.323016	98861.349921	98898.596856	98939.147101	98955.483415	99036.063283	99030.511942	99021.747673	99090.104479	99118.053684	99184.397546	99207.896514	99243.131765	99311.992947	99347.516922	99352.988900	99390.421773	99452.367920	99434.306652	99468.179252
98256.243900	98377.256057	98502.967607	98652.366951	98723.570383	98717.090877	98805.876040	98838.076310	98885.011953	98902.079825	98981.129251	98974.079483	98968.959266	99041.105227	99073.926421	99141.930873	99168.440019	99207.368904	99277.773843	99316.183595	99326.189065	99361.226947	99427.296502	99407.144614	99444.972021
98152.907498	98279.242904	98422.440233	98575.692967	98648.168622	98646.088227	98749.843411	98778.254562	98827.057837	98843.569294	98931.558257	98922.029254	98918.397535	98993.054001	99027.474600	99102.657618	99129.720784	99168.245102	99244.049601	99286.832568	99298.421790	99336.245628	99403.010582	99380.858768	99417.786771
98039.738108	98174.353303	98332.394412	98494.240793	98563.311907	98572.205889	98684.424805	98714.725435	98771.254256	98781.198247	98878.676700	98872.850833	98865.287263	98943.923109	98979.004321	99061.229969	99086.783768	99127.218725	99206.964855	99254.929033	99269.474653	99307.555387	99379.036564	99357.815436	99393.488623
97919.429090	98064.171950	98231.528070	98403.312938	98477.199006	98491.134718	98618.460084	98648.643109	98713.808021	98719.225821	98824.260690	98825.086652	98811.736538	98895.094918	98934.587488	99016.593231	99046.254096	99089.441137	99165.362995	99224.560872	99238.208507	99277.038880	99350.128389	99331.829865	99365.843170
97802.531903	97949.565846	98121.272709	98295.702708	98377.873051	98406.856972	98546.679098	98581.501292	98653.421442	98656.884230	98770.319076	98765.807585	98759.546199	98845.704117	98887.362614	98970.047061	99003.580124	99050.485848	99128.917596	99194.751009	99208.468934	99245.277621	99321.922700	99305.433641	99337.284593
97674.964692	97825.218111	98001.345624	98181.099294	98264.602405	98310.186068	98467.101113	98507.253885	98586.211496	98592.135011	98707.950800	98706.965017	98705.867723	98791.302987	98841.070150	98927.982824	98961.649766	99008.167353	99090.386091	99161.742635	99175.405848	99216.040686	99293.761413	99276.394983	99307.967803
97542.955310	97691.312433	97875.030665	98050.815815	98144.218295	98192.733313	98377.111292	98429.881914	98513.176428	98525.563732	98642.915387	98644.739197	98646.134017	98733.148184	98796.017190	98882.033634	98915.295803	98965.710038	99050.294031	99128.490918	99142.145882	99185.407548	99263.968014	99248.366760	99276.827573
97401.754058	97542.475271	97739.540661	97911.975462	98011.301492	98057.827988	98279.105083	98346.582419	98433.571908	98456.012855	98574.772530	98578.465913	98582.965527	98680.250334	98745.275165	98834.670277	98867.794155	98921.997534	99010.542566	99089.828177	99105.561744	99148.496176	99230.255376	99217.759277	99245.722234
97267.015368	97401.153914	97602.324065	97768.268441	97869.585629	97914.624593	98175.547020	98258.164518	98351.990212	98378.336747	98500.223819	98507.564856	98514.093638	98615.469792	98689.723016	98782.460137	98817.061388	98877.741741	98970.121590	99052.292000	99064.016901	99109.702401	99197.656233	99181.018144	99216.476439
97132.813471	97261.379209	97458.651767	97621.349655	97715.707022	97763.061765	98063.538428	98161.529463	98262.892508	98296.302042	98419.955349	98433.802591	98441.200496	98552.671206	98623.121770	98724.932848	98767.594597	98832.053239	98925.621089	99011.306793	99024.143172	99067.694758	99164.725374	99145.230740	99179.575254
97006.889230	97123.623336	97315.303326	97465.999971	97556.735654	97610.999650	97942.169102	98059.993915	98163.442407	98206.620087	98334.550761	98352.894622	98361.085761	98482.168681	98555.866559	98667.672463	98714.411540	98782.372598	98878.153123	98967.660516	98981.257829	99025.495701	99126.801125	99104.850822	99142.926225
96880.099968	96986.059806	97177.209423	97314.168019	97392.091886	97455.332483	97817.319883	97956.787924	98059.036105	98114.238737	98239.885594	98265.734897	98277.256227	98408.828614	98484.283063	98605.116846	98653.975589	98723.899694	98823.547017	98918.737713	98936.663079	98980.995444	99083.946904	99063.502788	99104.667858
96749.552019	96851.235497	97039.191123	97171.337706	97223.242148	97290.875713	97694.323213	97848.883910	97954.412932	98014.941515	98140.179231	98173.472831	98184.998467	98327.486769	98403.269601	98535.403551	98589.407046	98661.227614	98766.713743	98866.825072	98887.713593	98932.835477	99038.978654	99020.131170	99061.696665
96612.196776	96722.236389	96901.452053	97029.819914	97061.967355	97136.387176	97569.612634	97737.452597	97847.129865	97898.169012	98034.152677	98077.127428	98088.775513	98239.392134	98316.105901	98457.840813	98516.572476	98590.301220	98700.850070	98808.692898	98832.164901	98881.221067	98989.561995	98976.155870	99013.237595
96475.068148	96582.348602	96762.775896	96890.973427	96905.832891	96980.195140	97436.919793	97617.349735	97726.241911	97779.330855	97921.509585	97965.525995	97988.110539	98138.611359	98221.541900	98374.397849	98437.479835	98510.788372	98635.281078	98745.386021	98771.936479	98820.632825	98935.634572	98931.023381	98960.814449
96338.030267	96448.235888	96623.454879	96740.170529	96753.775336	96825.171675	97299.866859	97487.971901	97605.034993	97656.373600	97799.597394	97850.578384	97871.162887	98025.194649	98114.770660	98278.265005	98346.337365	98429.500490	98555.740555	98677.265166	98704.754601	98757.524123	98878.777145	98876.654632	98904.854801
96193.111741	96299.589445	96477.519868	96584.789389	96601.466619	96673.290890	97157.163226	97357.621869	97468.228572	97529.868478	97662.679293	97728.491273	97748.883857	97905.531719	98003.972437	98165.972212	98244.041915	98342.076453	98473.869086	98599.250463	98629.371957	98687.851105	98813.424352	98816.434974	98843.831987
96034.802225	96140.956159	96321.582120	96425.441314	96432.100777	96507.092973	97004.989178	97218.449304	97325.328643	97383.818177	97519.045742	97593.263046	97619.833243	97780.787406	97882.181031	98047.192952	98131.560147	98235.456656	98381.230290	98512.184166	98546.645054	98608.356521	98741.322323	98747.952332	98780.291185
95869.976938	95977.013049	96159.490754	96265.570152	96260.503125	96329.824880	96847.502055	97067.032330	97178.089227	97229.751058	97372.682392	97443.160867	97471.569504	97649.758250	97748.631804	97924.014996	98005.840719	98119.955454	98271.210310	98412.309188	98454.623282	98518.898260	98661.178917	98666.708537	98706.361502
95697.636051	95804.713183	95980.098281	96091.011482	96090.319252	96149.928969	96682.465361	96908.092292	97021.561436	97069.008697	97219.518990	97288.541072	97311.627047	97505.342462	97605.084052	97789.688429	97865.149543	97994.466228	98150.043701	98303.043584	98352.199973	98425.767317	98570.795906	98580.515305	98619.122520
95504.897332	95613.735468	95793.175341	95906.237729	95905.486085	95962.389402	96509.848651	96735.649078	96844.801679	96892.275532	97056.257263	97124.831099	97137.479415	97352.017665	97451.338968	97640.208112	97708.852829	97856.439018	98022.133066	98178.188258	98233.331437	98314.668975	98465.421250	98478.567326	98519.658588
95296.718387	95415.390657	95597.811514	95705.028476	95707.162588	95757.873925	96315.834490	96551.070053	96647.354552	96702.692939	96878.639170	96942.074000	96954.011469	97172.961707	97285.779914	97468.273219	97548.729392	97698.342573	97885.014111	98037.270875	98093.587249	98184.395750	98350.977984	98365.225913	98410.983932
95074.672729	95207.925488	95368.056570	95480.129118	95493.277134	95553.001848	96103.509819	96352.905925	96438.894861	96494.834238	96687.065991	96740.962902	96751.854958	96976.956943	97097.039777	97287.036396	97374.376121	97522.045541	97721.548317	97883.915862	97954.006979	98040.873616	98216.872524	98232.315699	98289.906219
94827.477827	94977.423489	95135.053180	95228.431001	95258.280045	95330.991735	95878.732147	96133.545418	96215.933549	96281.895395	96473.985597	96528.976682	96534.266738	96764.380659	96896.346693	97087.569538	97181.368015	97334.564496	97540.683545	97710.887452	97796.837723	97886.003418	98063.699490	98083.819561	98150.326866
94562.567783	94723.589716	94889.744920	94968.681073	95003.525642	95096.623669	95642.654790	95903.815916	95976.534141	96044.965912	96245.239804	96293.597800	96306.561920	96533.599686	96678.929225	96877.089648	96975.832005	97123.470995	97338.559251	97518.818597	97616.601902	97714.684041	97897.328083	97923.101844	97999.396615
94273.850091	94447.248627	94608.291797	94692.756355	94725.407072	94830.177538	95399.041819	95653.673422	95719.354770	95783.477982	95991.322872	96037.281168	96045.893546	96285.449938	96435.379988	96646.369522	96746.434391	96898.755152	97123.658441	97308.401795	97411.424004	97512.894200	97709.888020	97740.782917	97821.354548
93967.743232	94143.852161	94311.466607	94397.311246	94448.960024	94541.794169	95106.557571	95379.825862	95440.176928	95516.028419	95716.186157	95763.000142	95769.644447	96009.420409	96182.666275	96396.237243	96503.614530	96650.193477	96887.051442	97082.777135	97185.922342	97288.823362	97493.795738	97531.916150	97624.935475
93648.277680	93819.683977	93974.492296	94091.704882	94126.983629	94233.470431	94800.912482	95073.159804	95142.179075	95216.344969	95418.072046	95465.648413	95486.214885	95722.543415	95896.023623	96129.573722	96229.835497	96364.312017	96624.118764	96834.316929	96938.681980	97056.147349	97259.062651	97303.723887	97409.618106
93281.047682	93486.823122	93635.757865	93745.618388	93793.074938	93890.631720	94476.518355	94756.955015	94812.465853	94895.689205	95108.184093	95156.765452	95174.068288	95404.764592	95594.741338	95824.560898	95941.122729	96067.686398	96343.214997	96553.598129	96665.230432	96800.977216	96999.111011	97057.491260	97159.310229
92894.415648	93088.904314	93283.940230	93391.783277	93435.100263	93529.305128	94114.195685	94415.454063	94463.540685	94544.052258	94765.549496	94825.099683	94832.548676	95058.559435	95269.461211	95497.087966	95621.825739	95751.718497	96046.280390	96249.589422	96359.462095	96512.738258	96714.128250	96783.640199	96883.909970
92465.884949	92678.236018	92856.489804	93013.773526	93049.329847	93127.264633	93744.905945	94035.779430	94090.053809	94177.089673	94389.223262	94467.043413	94477.892285	94700.588237	94907.668134	95142.385998	95274.889811	95400.465889	95720.789869	95912.342877	96031.583155	96194.944057	96397.710891	96486.363481	96582.465593
91988.942595	92207.864952	92409.475957	92552.294860	92643.691162	92710.085873	93322.273911	93638.093118	93678.812109	93788.426176	93981.725561	94063.226027	94092.436892	94324.526339	94528.343653	94762.934663	94888.693018	95034.426090	95345.300629	95564.741852	95679.201582	95849.176146	96065.991051	96160.979704	96258.049733
91485.412918	91722.895503	91923.751996	92108.066649	92159.291861	92283.949024	92892.835568	93190.929750	93237.652276	93358.745307	93557.488025	93649.968972	93651.890279	93919.357331	94110.884059	94356.910183	94476.644592	94633.101707	94950.338095	95179.267524	95312.818554	95495.404717	95707.797020	95801.079428	95899.708905
90965.070370	91185.437053	91403.907988	91606.431004	91673.463691	91752.916793	92444.319970	92723.584793	92751.436579	92890.582059	93083.877959	93206.552629	93200.534835	93463.891436	93683.144891	93925.980626	94047.748165	94218.272286	94531.973596	94767.305210	94902.755143	95102.011421	95293.219850	95409.767088	95511.567167
90382.314573	90606.862430	90841.593293	91043.411968	91124.237849	91239.123587	91899.865497	92245.370914	92245.088398	92385.675327	92582.883281	92708.729500	92717.992433	92994.063587	93194.638225	93461.220442	93597.438508	93769.307150	94073.424043	94313.912483	94453.217430	94664.528375	94871.424329	94989.255364	95078.009677
89740.223715	89998.660321	90247.311218	90444.551930	90536.562931	90649.051448	91345.180686	91664.704214	91706.167903	91867.331288	92020.507893	92184.151859	92179.735865	92494.149479	92696.602224	92947.268429	93096.512294	93275.865931	93591.102262	93825.639144	93975.725281	94195.617514	94411.519154	94550.340329	94607.595782
89042.633272	89327.182934	89596.982621	89807.474242	89892.927859	90007.742521	90732.530552	91080.962886	91070.195283	91319.127025	91467.706318	91606.274778	91610.423781	91942.391379	92147.507326	92411.134982	92554.103708	92750.302888	93076.929655	93309.237904	93462.835506	93695.130814	93926.257048	94052.820287	94107.573046
88313.841670	88596.689333	88875.922532	89125.597836	89197.730589	89326.091181	90078.486719	90422.043326	90430.360370	90659.134978	90879.214918	90988.786167	90971.398930	91344.455454	91529.451084	91822.361144	91973.070344	92173.386866	92530.346524	92760.530107	92914.982013	93151.390055	93379.620865	93523.612619	93550.048712
87529.619324	87829.324180	88102.890694	88385.785994	88465.926548	88603.691234	89363.750527	89705.984030	89713.080644	89990.612182	90164.449313	90345.215233	90311.768475	90696.629676	90887.763192	91195.480278	91350.910658	91559.604998	91931.104414	92186.982961	92339.247421	92563.141353	92802.309220	92949.554848	92983.404819
86658.638089	86960.982666	87279.322518	87570.114780	87661.021833	87830.104152	88593.779461	88927.012228	88944.088153	89242.953385	89466.603068	89589.038208	89635.234725	90039.509474	90182.387473	90541.513009	90675.949334	90921.264561	91292.605699	91565.409735	91724.714258	91932.577936	92192.989067	92326.508548	92368.979777
85709.226570	86033.901185	86375.482049	86707.319429	86786.117332	86979.384965	87757.563245	88110.792929	88121.389606	88444.486065	88693.555048	88835.754072	88815.924413	89355.891491	89473.683827	89810.644691	89981.756698	90201.699738	90604.159451	90892.699399	91038.622418	91261.435860	91543.839338	91676.062133	91702.033780
84665.536355	85025.938305	85381.540631	85754.656110	85841.957511	86050.451026	86840.418306	87216.807412	87200.936305	87557.449929	87819.196470	87985.304740	88011.017075	88527.582382	88733.285880	89054.693812	89190.852771	89484.102541	89872.553716	90186.731853	90328.956674	90544.828078	90831.283603	90993.208507	91008.938364
83528.278467	83958.150496	84294.758311	84708.562965	84785.514769	85066.411934	85856.275929	86218.188731	86255.024248	86612.665517	86878.283126	87071.521391	87111.763795	87693.782947	87821.665714	88250.421945	88376.884723	88676.160794	89074.791303	89417.935499	89577.101105	89789.501825	90049.498709	90247.760501	90276.933189
82360.296270	82811.820170	83143.457617	83571.952819	83672.780060	83971.407070	84777.737263	85154.943856	85180.824045	85574.647243	85907.253309	86083.140516	86133.475312	86728.718279	86916.391960	87310.834867	87543.380480	87844.003681	88198.164208	88595.901342	88752.562470	88998.079276	89248.083345	89430.815165	89482.999848
81052.714644	81582.802794	81860.844153	82348.037419	82463.809261	82792.489071	83608.427520	84022.990497	84018.934067	84469.294014	84824.543713	85014.063623	85077.563230	85681.291519	85900.539390	86383.992528	86516.414205	86967.833264	87292.129355	87682.830789	87889.361876	88108.429674	88408.816065	88580.187280	88588.405511
79657.487130	80226.452976	80512.719872	81035.477267	81179.974430	81513.540495	82348.393537	82762.111072	82761.999857	83248.986675	83639.687924	83880.170368	83925.181727	84567.862208	84805.736083	85337.130687	85481.299128	85913.865439	86339.941004	86735.308524	86910.377843	87161.591043	87480.552146	87679.691726	87649.045328
78136.325376	78774.987612	79036.920939	79624.191613	79764.058684	80120.665001	80979.672028	81400.204134	81363.876224	81935.175410	82360.507613	82625.710224	82693.066484	83395.668769	83604.372702	84195.326496	84333.931455	84858.583802	85205.527258	85750.572123	85909.260647	86109.691543	86492.638351	86676.109871	86661.756682
76509.358948	77149.188651	77447.176855	78074.564998	78262.431287	78601.114560	79484.411125	79888.318989	79879.322924	80486.987557	80968.617337	81262.131573	81337.000717	82111.332264	82295.808781	82956.554536	83075.649341	83636.848421	84082.636701	84562.521527	84828.733845	85008.681732	85368.267307	85603.349554	85548.419139
74705.395899	75413.464733	75725.599357	76405.034709	76611.700222	76959.839475	77851.144547	78271.998759	78275.976907	78943.770191	79405.477703	79771.576304	79857.529467	80684.028250	80892.018911	81632.388192	81732.274411	82329.785408	82837.011644	83375.824670	83556.350130	83869.317933	84214.710143	84407.349499	84353.991522
72811.044379	73557.496609	73844.667393	74591.041158	74805.904375	75184.740529	76133.112576	76494.950260	76540.749485	77241.180666	77765.885423	78159.349604	78253.107673	79138.686635	79342.586682	80169.342834	80287.131841	80896.263251	81440.046138	81997.509077	82292.771013	82495.484581	83030.597165	83191.073578	83050.252291
70741.486449	71606.690329	71799.419363	72645.618380	72845.084411	73261.161113	74209.993452	74580.098013	74602.891403	75420.475169	75957.628752	76396.850120	76493.229361	77453.807742	77663.430165	78563.749679	78717.810922	79355.021099	79895.856693	80519.584364	80828.655777	81127.025168	81577.085631	81896.947911	81717.585028
68524.673487	69456.340186	69655.907735	70506.938504	70737.742818	71160.242942	72143.754403	72480.944518	72507.049037	73422.346040	74039.028617	74455.326070	74572.971833	75627.597787	75800.831718	76834.680697	76948.386117	77692.056214	78258.786185	78911.204858	79235.653013	79538.117226	80130.142273	80332.929230	80312.978054
66162.953818	67151.152064	67307.603996	68262.568470	68439.711179	68914.904946	69873.583450	70214.635869	70233.025097	71276.686057	71892.057138	72371.395644	72457.486599	73643.906130	73764.630518	74933.556554	75006.328317	75814.186586	76430.207326	77187.380593	77520.135456	77781.131160	78442.522517	78746.056217	78583.082745
63637.726382	64692.393794	64817.539779	65840.878433	66003.627676	66416.086748	67463.380998	67746.369641	67804.556873	68921.190128	69617.610067	70075.254913	70184.745031	71429.099326	71586.432946	72876.767942	72923.015950	73773.260153	74445.703547	75276.624154	75647.213275	75894.994166	76630.807351	76948.482393	76849.969240
60889.286425	62005.144491	62175.936051	63227.519017	63359.022622	63800.472721	64823.401453	65068.846571	65138.664782	66388.468122	67121.130105	67596.997125	67694.104156	69055.531799	69183.155237	70618.899213	70670.933487	71579.080908	72294.714949	73188.012484	73593.924063	73833.323847	74658.326223	74987.597703	74823.643524
57957.993574	59123.127434	59300.999234	60413.894305	60583.577350	60986.653103	62024.116792	62166.523739	62296.769186	63645.841019	64447.067486	64898.678588	65017.951595	66458.956221	66581.586230	68114.706796	68212.693325	69155.286054	69938.207462	70896.455719	71339.065808	71580.676978	72499.792241	72826.747034	72607.149340
54806.000281	56062.340174	56277.068114	57393.816039	57567.611710	57994.874177	59074.098117	59129.047694	59220.724558	60689.898293	61601.136970	62023.083095	62114.852276	63702.477836	63717.518954	65450.793304	65525.638062	66541.054163	67367.315841	68396.930024	68875.702012	69095.719094	70150.945287	70498.203134	70169.035907
51459.844602	52815.895880	53053.563800	54185.657815	54390.017708	54788.308601	55933.589122	55867.548495	55962.023545	57472.777546	58511.918645	58877.766692	59031.441137	60648.898473	60620.353844	62529.572299	62628.890623	63662.575532	64541.051524	65654.083763	66183.484407	66389.873203	67531.192949	67953.351223	67547.770315
47857.852394	49402.934149	49616.249551	50830.351273	50989.263295	51428.481191	52563.790187	52484.597097	52487.283702	54153.264407	55137.662949	55614.162669	55669.638022	57427.362155	57269.750507	59391.832111	59446.829849	60562.496885	61460.243142	62677.199766	63211.255755	63457.281796	64710.558340	65157.415694	64672.085327
44144.019221	45801.189803	46056.005493	47296.600445	47462.017505	47914.440026	49009.902359	48912.850849	48833.023756	50620.263345	51642.585392	52020.308747	52129.031612	53956.401395	53724.402794	56019.357955	56094.130061	57194.539395	58143.988007	59445.973161	60021.712627	60227.734939	61657.383810	62134.703535	61494.633249
40261.769049	42075.099437	42324.854876	43644.861387	43803.846178	44212.376892	45306.440445	45151.552517	45064.797027	46846.363399	47995.068862	48386.669271	48281.974844	50304.479040	49943.228696	52470.931758	52431.254371	53638.025558	54630.305831	55999.468359	56598.840720	56748.389267	58302.471181	58850.517697	58096.069624
36388.640969	38176.385096	38482.259525	39744.043698	40074.527629	40435.703998	41538.624767	41275.464956	41135.428225	43025.205794	44198.350250	44476.326254	44357.397238	46352.532094	46060.924683	48705.271641	48608.733907	49827.315408	50945.802643	52330.245492	52946.092010	52993.157526	54746.259157	55299.867261	54453.881592
32524.018114	34303.058469	34580.397119	35814.875472	36158.470134	36550.772074	37594.187712	37341.449995	37127.683015	39085.103386	40251.716444	40464.606575	40251.170250	42427.899529	41963.549506	44765.398980	44604.119063	45843.809165	47048.335074	48482.575427	49042.858306	49058.903460	50935.368789	51542.644607	50511.358724
28672.291901	30430.291023	30645.421087	31910.591179	32193.987965	32658.058515	33636.169813	33362.198827	33090.082376	35070.162939	36212.074746	36406.631766	36046.335857	38268.507522	37870.829332	40641.020735	40438.725542	41700.209678	42969.368883	44454.503897	45025.680653	44901.200633	46947.408103	47538.332854	46406.164238
24951.579135	26660.071912	26787.175983	28037.727892	28239.530358	28752.580927	29669.331712	29392.457294	29016.928047	31044.543223	32114.294653	32276.031035	31862.246413	34080.607575	33627.641341	36525.110827	36197.670101	37507.314923	38752.171557	40326.812888	40829.727115	40621.116676	42742.581688	43361.782357	42082.109194
21327.764206	23015.599319	23031.503904	24232.134999	24465.108272	24895.842871	25758.784180	25445.375121	25094.583075	27042.132299	28123.857854	28172.066226	27704.645393	29976.459403	29392.654477	32304.303168	32039.781675	33204.025103	34536.180268	36018.144508	36592.077662	36238.228478	38426.808165	39056.090361	37720.610251
17948.952566	19522.641234	19459.572979	20605.270220	20860.424799	21182.001457	21999.571327	21700.635907	21252.479560	23245.654557	24224.150707	24262.627966	23708.596785	25929.359406	25322.450832	28154.380889	27906.615088	29031.562411	30181.720167	31736.591933	32295.668608	31846.089130	34061.386464	34703.454917	33233.208608
14866.008555	16291.043120	16180.697407	17249.859751	17377.776409	17688.472011	18447.207584	18121.316544	17708.984396	19554.713365	20536.332231	20532.599346	19908.375432	22010.004790	21389.626831	24154.599946	23898.511022	24914.604732	26018.256902	27487.876983	28113.444164	27482.387016	29741.329420	30318.788421	28797.541376
11881.638344	13323.634825	13208.158997	14130.798794	14231.567848	14522.359900	15181.990426	14821.286126	14419.256494	16133.550993	17034.909914	16988.907195	16330.555241	18356.063534	17721.972798	20307.699001	20041.104194	20976.538574	22019.127049	23412.614458	23987.889635	23339.112037	25517.206465	26053.076550	24467.401440
9388.489191	10532.946220	10572.560671	11344.309623	11397.889338	11649.145976	12205.002036	11850.880994	11492.526255	12998.026006	13852.535089	13743.831939	13146.148798	14956.342658	14373.123053	16740.368087	16494.320835	17333.705893	18255.491115	19594.381274	20223.690463	19362.223422	21525.186303	22008.232559	20422.277193
7215.300994	8201.140869	8136.039054	8952.901901	8965.266364	9115.822295	9624.101376	9289.617713	8970.016668	10273.054211	10966.125708	10874.626696	10285.301407	11956.608449	11357.053092	13531.545126	13240.922633	13948.397910	14848.621260	16032.505925	16652.517823	15852.017858	17829.298123	18242.849096	16640.971725
5357.951419	6185.437498	6119.899201	6729.506177	6890.623182	6962.944357	7358.720188	7056.789868	6804.696687	7908.529121	8557.669650	8385.592717	7854.950746	9269.318141	8753.015475	10648.181258	10427.720731	11012.256549	11847.203191	12866.790999	13394.242992	12696.465493	14560.159948	14791.206628	13324.631995
3871.608289	4546.957047	4392.728485	4936.066577	5014.246845	5169.271246	5454.542496	5196.755134	5010.824230	5958.037762	6521.812197	6344.433100	5814.026079	7025.244197	6582.212841	8199.765062	8011.770519	8506.535888	9212.694615	10091.654570	10592.950451	9907.182177	11582.355023	11863.958319	10405.845025
2761.520152	3197.145741	3097.879233	3460.383671	3513.884559	3611.898060	3940.928508	3727.441016	3602.851512	4335.217872	4835.520045	4703.736864	4195.549634	5211.118109	4819.036334	6127.196760	6017.074140	6364.126147	6983.716893	7753.836244	8148.944397	7562.002610	9017.587959	9272.253013	8014.248712
1902.309498	2228.096816	2133.779528	2320.787876	2302.952164	2387.479003	2624.024736	2574.866391	2491.138586	3086.117039	3525.544792	3390.516076	2964.303147	3780.462129	3390.286899	4454.659309	4329.108867	4603.837256	5164.488443	5818.243028	6142.874073	5657.982244	6909.613881	7133.854635	6002.885537
1267.267941	1517.536566	1442.510214	1470.003229	1433.928958	1432.689591	1648.315672	1610.865822	1632.716874	2145.907784	2457.502495	2369.632189	2042.408323	2663.668402	2289.055800	3151.110497	3058.708610	3244.664736	3732.027916	4271.265758	4555.296124	4128.747777	5202.554691	5371.552994	4393.658029
840.048279	1009.412452	932.995142	918.024130	844.408024	783.009793	907.359451	916.946206	941.391388	1466.743759	1683.600567	1616.686215	1367.353246	1835.582012	1511.660979	2152.815122	2069.083162	2247.411482	2633.270572	3062.564506	3283.942708	2970.828101	3870.533786	3974.458168	3173.533150
1306.183550	1620.298455	1450.429980	1446.695241	1255.990933	1101.080730	1263.098833	1171.398873	1330.175238	2245.425711	2450.354683	2353.537930	1911.178367	2742.553255	2260.997314	3271.951719	3320.588783	3561.262338	4231.139620	4803.419249	5259.304476	4791.220943	6322.946077	6739.624643	5409.843627
