100000.000000	100000.000000	100000.000000	100000.000000	100000.000000	100000.000000	100000.000000	100000.000000	100000.000000	100000.000000	100000.000000	100000.000000	100000.000000	100000.000000	100000.000000	100000.000000	100000.000000	100000.000000	100000.000000	100000.000000	100000.000000	100000.000000	100000.000000	100000.000000	100000.000000
99278.682369	99294.240479	99343.725408	99411.753179	99460.101821	99452.100597	99496.133270	99524.218357	99551.075116	99557.875447	99597.510247	99589.779028	99604.195084	99602.876538	99625.836311	99647.474252	99656.562780	99662.178590	99689.461161	99687.777084	99693.012071	99701.739187	99738.936233	99718.347481	99736.512427
99213.129271	99230.555175	99282.735031	99358.816351	99408.649803	99403.518184	99447.576933	99484.896278	99504.206310	99518.786935	99563.521958	99551.704959	99566.881669	99568.698600	99595.849577	99617.857943	99624.720547	99632.537624	99659.139170	99660.300606	99665.507395	99677.626957	99716.813784	99697.034439	99717.872207
99173.265651	99192.643885	99244.323540	99325.383494	99376.395330	99362.976597	99418.329475	99456.157034	99482.119464	99494.494564	99539.771948	99530.316563	99534.518224	99547.734712	99574.705019	99599.505679	99606.442085	99618.427398	99643.498800	99643.117457	99650.780211	99661.484876	99700.719686	99682.165588	99704.728139
99143.715509	99162.882443	99214.352228	99294.668323	99350.575564	99333.090730	99392.045815	99434.811910	99464.916945	99476.525304	99520.983571	99511.644955	99515.301185	99530.265454	99558.827237	99585.746455	99589.637513	99605.761261	99627.444621	99630.730645	99638.499823	99651.263318	99690.876720	99672.950892	99696.329911
99120.010216	99137.124733	99190.436509	99268.820067	99327.002539	99310.359062	99371.066561	99415.658219	99446.318060	99459.910753	99504.983580	99495.785515	99501.348218	99517.915847	99543.907659	99571.881040	99578.257776	99594.824007	99613.406901	99619.181172	99629.528765	99641.706104	99680.416278	99663.697302	99690.254009
99096.727231	99113.524406	99171.828984	99247.489891	99309.692987	99291.638414	99353.378796	99396.490378	99430.604174	99443.779143	99490.073827	99482.178537	99488.168150	99507.693497	99530.543125	99560.843813	99567.722632	99579.672618	99602.527419	99609.709888	99621.235728	99631.335646	99672.587802	99654.593391	99681.812198
99075.156363	99093.985458	99151.162576	99227.538381	99291.897694	99270.741835	99333.238663	99382.579175	99413.492792	99428.097099	99479.099339	99466.180669	99473.574133	99499.319414	99519.984205	99548.864485	99557.081444	99570.143688	99594.345845	99601.985717	99610.137863	99624.861968	99663.383619	99647.134975	99674.872477
99054.681207	99074.216857	99133.301998	99207.202560	99276.117739	99253.304474	99317.827748	99368.214629	99400.613482	99413.537824	99468.163279	99451.936859	99462.354452	99489.339399	99508.489820	99537.748714	99547.158360	99558.745273	99584.867443	99594.465930	99603.050136	99615.612768	99654.457535	99637.710357	99667.402498
99036.898674	99057.520761	99111.890834	99188.075785	99258.902679	99238.097788	99308.435452	99351.422036	99389.760651	99399.711597	99455.163750	99438.843585	99451.757110	99475.743778	99499.171379	99524.232253	99537.665076	99550.107233	99577.985656	99588.966440	99596.614832	99607.692264	99646.423391	99631.004639	99659.375157
99018.350057	99039.613916	99096.276204	99173.138328	99243.001830	99224.911688	99294.254070	99335.140761	99374.991560	99387.677461	99441.646865	99427.259041	99439.430224	99463.543135	99489.573919	99516.561872	99529.705012	99541.695540	99569.647451	99578.344721	99588.049397	99596.757181	99637.443407	99626.672560	99651.244577
98996.371944	99023.197950	99078.635753	99157.366404	99225.988620	99212.217346	99279.517811	99322.447646	99356.662385	99372.506355	99424.309199	99415.383144	99426.617605	99449.437267	99480.306296	99504.888485	99518.300395	99534.340672	99560.154171	99568.476138	99578.337279	99590.828167	99631.212678	99620.608787	99644.023804
98978.554138	99005.429071	99064.153189	99145.453966	99211.899136	99191.465050	99262.671393	99305.034625	99341.467732	99362.805055	99411.629388	99406.236942	99413.063282	99437.777483	99469.330195	99495.769962	99509.283343	99523.135552	99550.994584	99560.411209	99571.184811	99581.788031	99623.732119	99613.507735	99637.119772
98958.586663	98985.518031	99047.723954	99127.892614	99194.778749	99173.770794	99248.742168	99291.579847	99328.244385	99349.323247	99397.298872	99393.025464	99396.764608	99425.370833	99456.658115	99481.841238	99497.664210	99514.032351	99539.436808	99548.495876	99563.377787	99572.858913	99614.015602	99605.582245	99629.375710
98933.464364	98965.177965	99027.254168	99107.162131	99176.376435	99157.697867	99228.263093	99274.336813	99310.247244	99331.403597	99382.061350	99377.740168	99379.618705	99410.947427	99442.341728	99467.968039	99483.740294	99500.219076	99527.817920	99537.479008	99551.981418	99560.711881	99604.180411	99595.639249	99619.478550
98905.034268	98940.196915	99000.651524	99083.298653	99151.744171	99133.537268	99207.426001	99251.904759	99293.067279	99308.039286	99364.252529	99355.651621	99361.197702	99393.368021	99425.356307	99455.906369	99466.232711	99484.890508	99516.967809	99528.047119	99534.716643	99550.731522	99596.377579	99581.997439	99609.987700
98869.791158	98908.180535	98969.220589	99056.832977	99127.181431	99106.807377	99178.998677	99222.886203	99262.049475	99279.029548	99339.947689	99327.857124	99335.714659	99368.974457	99399.921177	99433.069441	99442.966536	99465.646358	99497.656984	99516.318422	99521.338866	99536.306564	99583.133989	99570.287759	99597.702985
98819.925141	98865.501604	98932.021194	99022.370306	99085.405777	99070.031795	99139.470424	99184.979392	99226.446614	99242.502622	99306.920635	99295.086981	99299.900452	99338.834340	99369.044879	99404.468185	99416.092126	99438.823971	99479.070949	99497.359578	99507.096924	99519.688642	99569.401114	99557.507976	99583.718551
98761.683606	98812.788173	98886.049454	98980.622929	99043.402808	99023.183696	99096.660115	99136.584026	99183.481033	99193.516259	99262.978715	99259.790235	99258.043300	99297.419989	99330.781185	99371.554545	99380.484952	99404.208024	99453.465543	99476.288581	99484.629493	99500.850855	99554.421983	99543.782571	99565.864656
98685.774871	98750.816639	98828.917505	98935.430595	98995.840616	98975.423989	99047.870315	99082.600383	99131.777690	99146.092550	99217.873558	99216.912713	99209.250058	99249.847656	99287.547228	99331.269904	99341.600295	99370.188663	99417.513148	99450.107904	99458.751506	99482.365520	99532.147958	99524.649462	99547.126387
98603.160522	98678.118009	98760.316837	98881.427174	98940.910274	98924.495408	98991.231695	99037.797828	99078.420397	99095.037738	99167.043237	99168.880124	99156.711550	99205.195477	99237.027536	99292.601287	99302.177421	99329.642538	99389.045559	99421.097977	99428.343428	99456.862739	99511.895482	99502.446225	99523.943047
98508.472524	98594.123563	98689.634862	98818.488259	98884.266223	98873.160310	98938.967313	98983.270559	99023.683329	99037.638424	99111.036869	99112.833497	99099.965117	99158.986940	99190.290401	99249.191158	99260.582135	99292.150974	99360.021198	99389.449204	99398.999625	99429.827237	99488.163614	99475.538009	99502.360784
98415.317773	98510.310733	98617.543400	98752.852556	98824.650579	98815.235828	98888.435966	98926.222213	98967.838467	98981.676211	99061.480696	99059.725980	99047.010879	99113.240602	99142.124933	99205.859792	99227.113561	99258.607601	99327.042211	99363.898387	99367.061366	99404.006344	99463.478949	99448.642534	99479.638858
98308.038689	98421.951516	98544.853367	98687.419883	98761.877498	98749.411074	98833.616175	98868.403917	98912.683703	98927.340130	99006.604888	98999.931302	98996.093870	99065.879408	99096.196774	99161.439101	99187.134942	99225.228867	99295.542571	99331.779716	99339.377430	99376.509064	99438.712062	99421.261075	99457.820246
98204.814145	98329.593905	98463.983556	98612.393389	98685.521448	98683.133762	98777.135614	98807.732743	98855.138812	98873.641832	98955.823126	98947.718048	98942.947324	99015.019762	99050.086724	99122.310059	99148.835552	99190.018309	99260.940540	99301.808102	99313.387906	99348.762612	99415.650380	99394.657830	99431.424737
98100.837239	98230.766359	98378.602496	98537.595853	98608.077814	98611.463526	98720.057073	98746.779107	98798.844332	98811.741688	98905.856778	98898.176712	98892.462236	98968.978045	99004.332891	99081.552705	99108.213650	99145.703893	99227.613364	99271.812340	99284.528578	99321.727538	99392.129982	99369.340868	99405.962021
97978.710914	98122.254492	98286.429777	98449.014086	98520.704503	98534.182911	98649.464467	98682.856382	98743.580848	98751.499325	98851.707681	98849.270611	98837.102667	98918.669203	98955.809397	99039.404481	99068.042990	99106.821298	99187.598278	99238.132518	99253.258169	99292.162581	99365.121909	99344.348521	99377.882072
97861.535619	98008.260881	98174.220207	98353.530693	98430.374997	98451.190393	98587.400902	98617.597238	98684.346374	98688.114124	98796.961392	98794.759347	98786.256099	98871.226328	98911.739089	98992.849257	99023.700372	99071.411551	99147.095676	99210.632547	99224.649867	99261.199190	99336.946624	99318.697600	99351.928594
97743.108624	97887.529194	98061.378349	98237.032368	98322.425042	98362.012529	98506.579326	98545.212653	98620.456207	98626.835716	98740.260731	98736.351078	98731.791779	98819.055822	98863.412529	98947.980987	98982.722108	99029.461478	99110.357503	99178.915185	99192.244480	99228.982060	99307.593484	99290.846033	99322.601205
97613.179731	97761.851369	97937.931623	98120.487702	98205.965099	98257.219205	98424.845030	98468.102834	98553.709432	98557.865483	98675.415680	98677.472043	98678.268196	98761.106205	98820.463555	98905.650605	98939.112956	98986.734131	99070.120836	99146.001972	99159.296373	99202.643102	99279.534788	99262.801825	99292.436553
97473.376123	97618.382479	97811.218571	97983.091815	98076.969902	98124.317768	98330.910704	98390.725542	98471.859368	98492.540896	98611.322094	98612.596030	98615.663254	98706.579008	98771.450314	98861.058467	98892.187772	98944.055857	99029.638577	99109.223334	99124.607449	99166.154065	99247.655067	99234.590773	99259.963721
97333.170559	97470.783995	97672.255354	97838.651611	97941.978040	97987.078441	98228.365913	98303.688267	98393.151580	98417.031530	98538.170684	98542.959614	98550.776620	98650.046568	98719.933718	98809.497487	98842.353119	98900.460005	98990.562565	99070.853161	99084.065767	99129.484142	99213.389072	99200.346457	99231.950190
97200.677783	97329.630158	97530.743817	97694.734817	97795.183157	97841.014504	98118.982105	98210.588071	98309.543183	98337.639393	98462.852105	98471.953818	98478.271448	98583.405217	98658.967003	98754.521100	98791.667075	98855.441292	98946.241008	99033.310558	99043.229628	99088.481013	99181.688339	99162.530193	99197.995095
97071.143454	97193.046124	97387.670846	97544.784485	97638.456060	97685.955521	98005.590367	98112.973928	98217.839227	98251.619042	98377.687217	98394.669383	98402.403456	98519.270769	98589.422175	98696.448671	98743.037368	98807.468371	98902.617327	98989.859885	99003.938908	99046.924927	99146.991710	99126.460254	99160.882123
96943.860404	97050.501530	97246.858351	97391.157378	97473.985546	97536.440351	97880.299710	98007.451801	98110.985213	98159.742622	98285.235144	98309.928332	98321.104863	98446.443196	98521.305339	98638.837589	98686.242393	98754.226532	98852.957588	98943.884870	98958.893245	99004.308966	99106.283947	99084.194600	99124.572823
96816.706260	96922.309357	97107.471389	97241.685081	97306.799189	97373.311373	97756.641605	97905.260376	98010.031212	98066.500048	98190.294472	98219.943499	98230.031633	98369.784851	98446.697032	98572.123685	98623.073097	98694.617064	98795.656822	98894.123900	98912.431483	98957.359396	99062.329262	99041.818251	99082.733145
96680.295816	96786.282932	96971.273855	97100.225169	97140.318009	97214.456221	97633.364109	97795.457116	97903.692800	97959.004188	98090.015790	98126.590275	98138.798337	98283.352093	98359.281634	98499.793710	98554.910510	98627.394665	98736.515165	98839.700797	98860.647478	98907.226237	99016.140986	98999.204204	99038.059605
96541.841020	96655.101620	96833.395163	96959.179863	96980.831945	97060.324615	97507.266664	97679.046475	97789.449452	97841.800071	97979.275409	98022.491797	98039.592681	98191.299926	98270.890632	98417.451182	98476.813278	98550.323059	98668.331055	98779.019318	98803.603200	98852.977949	98963.604946	98955.191597	98986.251718
96408.794829	96517.827383	96691.073173	96819.714520	96827.959651	96900.439464	97368.353665	97552.793449	97669.630948	97721.530117	97863.110463	97908.808106	97937.011919	98080.193035	98171.763969	98327.213882	98394.597109	98472.265773	98599.629676	98712.488900	98739.059183	98789.718309	98908.493162	98905.096457	98933.836007
96267.589833	96376.139086	96553.987671	96663.128552	96681.175345	96748.226739	97229.333169	97420.296671	97543.614815	97593.373012	97731.386948	97793.855836	97810.157169	97971.748296	98060.215183	98225.823814	98300.125996	98388.560631	98515.306415	98639.735047	98670.694018	98723.597351	98849.170477	98847.687636	98874.855817
96115.644427	96224.444928	96404.796854	96506.946174	96522.056483	96592.370646	97078.634491	97288.437736	97398.318964	97462.465283	97590.925127	97660.028958	97687.299722	97841.958107	97944.218054	98105.941325	98189.642027	98291.823489	98432.280462	98557.867666	98590.910593	98648.967468	98777.571874	98785.913911	98813.009746
95950.992784	96058.948983	96238.790973	96346.209455	96346.526581	96419.065174	96928.118835	97144.318142	97253.066197	97303.453138	97448.409799	97520.001501	97550.019628	97718.495604	97818.622179	97985.065487	98071.399545	98180.467261	98329.821827	98463.161851	98502.152254	98563.952560	98704.614134	98710.049603	98744.168980
95784.594000	95891.765418	96073.983644	96185.036182	96174.883266	96238.978444	96767.944920	96985.757386	97100.438302	97152.438319	97296.615036	97364.815831	97392.566534	97580.041416	97679.772012	97860.740302	97941.081638	98060.027471	98211.339566	98360.766657	98406.592396	98473.769104	98619.432636	98625.225931	98664.945516
95609.284083	95712.097460	95888.614571	95997.280268	96008.121308	96063.222574	96595.732061	96825.264990	96943.155042	96981.283280	97143.520172	97210.577307	97226.213061	97429.881162	97530.464928	97721.331965	97786.145810	97929.140248	98087.495646	98241.180014	98296.269441	98374.833064	98518.541229	98532.826432	98572.151681
95403.238251	95518.133195	95697.437359	95812.519113	95807.277897	95859.788048	96416.885583	96645.045149	96745.844664	96801.246868	96969.130927	97036.302358	97049.729619	97269.144484	97374.777933	97558.940918	97631.839825	97781.538721	97954.697154	98110.879413	98164.377820	98254.011482	98410.748075	98424.703308	98466.489328
95189.186699	95313.936101	95491.428882	95600.256962	95604.801310	95659.955626	96216.096226	96452.902808	96548.048782	96600.651890	96787.189679	96846.775237	96856.501631	97081.595350	97193.761343	97377.521072	97466.982466	97616.125341	97810.887078	97962.103851	98027.535421	98114.800540	98288.013613	98303.082135	98354.845879
94959.457591	95102.405632	95251.775274	95359.546943	95371.998843	95442.760884	95996.653005	96247.878382	96326.720418	96390.691578	96584.422646	96642.411714	96647.032445	96872.761099	97001.606147	97194.510923	97278.342857	97431.481111	97634.799090	97802.792748	97878.763150	97966.148687	98142.867710	98159.549270	98222.832283
94702.865251	94855.764007	95019.844355	95098.911615	95137.303337	95215.896920	95757.982168	96028.868588	96103.748692	96171.663994	96365.888917	96415.895237	96425.899780	96656.427108	96789.493655	96987.371709	97085.735224	97234.222148	97445.742014	97617.738037	97710.668288	97805.102380	97985.890106	98006.293139	98082.479088
94421.196922	94588.492240	94753.498014	94837.467175	94866.286555	94968.801944	95522.421943	95781.500051	95852.347639	95915.389385	96122.722430	96168.817639	96185.208504	96416.322537	96558.287226	96769.482009	96863.193602	97013.900799	97233.272476	97416.100373	97514.552565	97619.728693	97805.423903	97835.346430	97914.226449
94128.476333	94307.204396	94466.834185	94542.825173	94594.121926	94689.709265	95264.903122	95517.543381	95576.107395	95659.537524	95862.549855	95900.120501	95904.500735	96146.932557	96314.749564	96521.285187	96628.717986	96781.475638	97014.990861	97203.240824	97303.936466	97402.914787	97606.712043	97639.693019	97727.090823
93808.672856	93982.588999	94148.895606	94249.811676	94290.273362	94391.448179	94951.706131	95233.421891	95291.478221	95373.205356	95572.451942	95615.452244	95629.711472	95875.893030	96045.282692	96272.233703	96373.375274	96514.555217	96761.468156	96963.355072	97068.049293	97172.931118	97382.493542	97421.280137	97524.043425
93479.669249	93655.547983	93806.544142	93926.425443	93958.636399	94068.246634	94649.445855	94916.813678	94983.114154	95057.733759	95263.643991	95314.672956	95333.838680	95569.492607	95745.688949	95982.733494	96089.333116	96219.632064	96486.050071	96700.216251	96808.087641	96938.902630	97133.825316	97188.345496	97292.247086
93092.610904	93300.303476	93464.400339	93568.289890	93619.433976	93718.955688	94294.959033	94598.860326	94649.505266	94728.234836	94944.738971	94993.082653	95014.873075	95232.181254	95435.256002	95666.475238	95788.974439	95919.224051	96197.062467	96408.283759	96519.183088	96662.229960	96863.940981	96926.797727	97028.505950
92691.271606	92891.800044	93087.873712	93208.527936	93250.441541	93334.201040	93933.352009	94233.112614	94282.096888	94363.016670	94584.862629	94655.160194	94657.539845	94887.047697	95089.095697	95326.563577	95454.152513	95581.872651	95891.532982	96082.447987	96192.484975	96361.966473	96560.520891	96637.742409	96740.271805
92228.059765	92441.879658	92642.960784	92793.408379	92845.929719	92920.841967	93541.613254	93847.063995	93887.003840	93990.657313	94188.334190	94276.603372	94285.548236	94514.037144	94729.281541	94956.458507	95085.242377	95223.926774	95544.567532	95746.764249	95860.206844	96027.714866	96238.085279	96332.981935	96425.014700
91740.271200	91969.110161	92166.049903	92346.263301	92416.091064	92499.732977	93113.387929	93422.977177	93470.992655	93579.327171	93784.682860	93848.470822	93878.490657	94126.822892	94321.721922	94562.778183	94684.948795	94843.024377	95145.635417	95376.700620	95497.494657	95676.447893	95892.098608	95991.359343	96086.725369
91236.872453	91462.887057	91665.988293	91855.669430	91927.216572	92038.388892	92672.175017	92962.233274	93006.153310	93136.328845	93318.817043	93444.184288	93425.253484	93705.058699	93899.617435	94150.542919	94273.829230	94431.210195	94749.342617	94981.599814	95124.856067	95304.982062	95509.296870	95609.637500	95708.945088
90685.860503	90897.714408	91124.083795	91319.107163	91394.563427	91500.329963	92187.788422	92497.033883	92514.235418	92647.180235	92848.060717	92959.893665	92975.593386	93226.760586	93452.833367	93698.702410	93832.985936	94002.667788	94312.324098	94549.884930	94680.338548	94895.040570	95090.851367	95206.442812	95303.763415
90070.999248	90314.230571	90556.284780	90751.148010	90834.473818	90948.359665	91637.004856	91973.126198	91978.013326	92132.590788	92305.375321	92454.869592	92451.879217	92753.560482	92950.735446	93211.233125	93359.439656	93529.296412	93838.826777	94072.871968	94219.905862	94432.380286	94646.489921	94780.601622	94847.377231
89405.690070	89664.375355	89933.839524	90136.124235	90218.571289	90330.710234	91042.361016	91389.214496	91407.322468	91605.240588	91745.034996	91910.069521	91902.714512	92233.432123	92441.232819	92682.345966	92831.008785	93011.900414	93338.888514	93582.656240	93731.545672	93950.112089	94177.058035	94311.277110	94368.189240
88687.555894	88978.625625	89252.474895	89472.920853	89553.526344	89674.075652	90409.376486	90758.972017	90764.656331	91005.546246	91185.646894	91313.124246	91302.456172	91657.612799	91842.705286	92136.020773	92277.948727	92481.031704	92803.933708	93035.374448	93198.103549	93429.340761	93665.954806	93796.663878	93834.492962
87930.994485	88225.709273	88492.604874	88763.400642	88838.242368	88965.158560	89722.214015	90075.162301	90074.125490	90344.120014	90532.092578	90668.352111	90644.284699	91033.487229	91216.444122	91507.806099	91669.413451	91865.480067	92240.813854	92475.397346	92623.827627	92867.591552	93096.809285	93245.133493	93267.421033
87108.901147	87414.082192	87702.473976	87995.141017	88079.299573	88230.361332	88988.725036	89316.299031	89322.943010	89620.494106	89834.808033	89986.536615	89983.154054	90363.342829	90554.720964	90885.499886	91014.852392	91255.505653	91621.323048	91897.785937	92037.725555	92251.186971	92508.270714	92644.996738	92691.362806
86198.467792	86509.937268	86838.311355	87158.103320	87235.308234	87413.769292	88183.198305	88529.726227	88551.045942	88848.914045	89089.004109	89232.751430	89261.288387	89710.631935	89832.204068	90183.099487	90342.061153	90563.511303	90954.807963	91233.483663	91395.044968	91605.092567	91883.707399	92008.384942	92035.752965
85211.600413	85547.589837	85895.905253	86241.907028	86334.119048	86529.657583	87316.463358	87680.388359	87669.966461	88005.497711	88261.010358	88409.643484	88425.424601	88972.355419	89106.585693	89445.305893	89610.336405	89853.029933	90245.551338	90556.537925	90678.183997	90917.940066	91194.613401	91335.340356	91366.694655
84105.727974	84504.759741	84856.023470	85242.486072	85331.785598	85572.309040	86359.297503	86727.151308	86746.623061	87103.421361	87355.368076	87529.076937	87571.432962	88123.633326	88307.414432	88668.388583	88783.381942	89102.268312	89497.093412	89808.991950	89973.421391	90170.322090	90460.770670	90631.128309	90646.419650
82966.180771	83393.449714	83747.328948	84153.735977	84238.200944	84533.093881	85341.382408	85705.707234	85733.887818	86104.655860	86412.953061	86582.131923	86618.868330	87226.087969	87381.352572	87804.658520	87980.995772	88266.632636	88646.978904	89025.649222	89168.607014	89413.423926	89650.951138	89858.982212	89891.693860
81731.220954	82222.401957	82517.980093	82977.889836	83093.296734	83407.234360	84204.276025	84616.268223	84609.700425	85044.561475	85377.775851	85569.053940	85616.512579	86202.363475	86414.985001	86865.065189	87068.872809	87416.143104	87753.844336	88157.941675	88343.778726	88564.596173	88843.467778	89007.216526	89055.793055
80375.289866	80911.118980	81210.916559	81691.534689	81843.628193	82174.062307	83008.402332	83412.980954	83408.549157	83869.250806	84249.949565	84454.227980	84525.356798	85131.410971	85348.440269	85865.789235	86016.937754	86467.798794	86829.180190	87218.675376	87422.993755	87659.205402	87953.635905	88149.653286	88126.628839
78917.761473	79526.061882	79799.117254	80353.767580	80480.656355	80849.817052	81696.489428	82106.321577	82089.503987	82623.789770	83035.472681	83284.265540	83320.880048	83996.301469	84227.503495	84771.165648	84906.153184	85419.275296	85813.959272	86248.845953	86418.338941	86658.281050	87021.710364	87179.180451	87176.759996
77346.570211	78002.226580	78257.077083	78876.564169	79035.058167	79365.095590	80256.890240	80660.717433	80633.547210	81229.763455	81696.427982	81958.290771	82034.798621	82768.468366	82963.993878	83585.731112	83707.418064	84248.723329	84661.387762	85196.025336	85380.129459	85572.238056	85956.633672	86169.273216	86117.148248
75656.155205	76297.845796	76614.649401	77265.689003	77463.705796	77828.141989	78673.896651	79117.060417	79098.765387	79745.025911	80197.513596	80540.865900	80618.788070	81407.548648	81616.670393	82322.956260	82416.286757	82976.441236	83470.833711	83985.463376	84231.330851	84462.839003	84793.193194	85024.890694	84968.209559
73777.249820	74557.905552	74813.147177	75539.519388	75745.706347	76084.904893	77021.338044	77396.098938	77447.140251	78116.280775	78607.964960	78986.913619	79092.674452	79939.374625	80141.782389	80927.512691	81036.642618	81629.102493	82152.497298	82701.418246	82958.944953	83213.212523	83640.135959	83806.933282	83731.023486
71811.331318	72589.117554	72867.669413	73660.540891	73863.255023	74255.758280	75208.483075	75589.493203	75581.555008	76363.576983	76900.377323	77311.941199	77393.072465	78333.498728	78516.277426	79369.092190	79520.307436	80141.224871	80677.919471	81267.028849	81571.173374	81848.136661	82358.030177	82560.049009	82397.694575
69678.268805	70571.778618	70753.021665	71631.386016	71820.580917	72247.804155	73201.602648	73553.909075	73588.577887	74445.597003	75031.049394	75465.219960	75577.351543	76567.162083	76781.816088	77731.822459	77869.880158	78555.711841	79096.458307	79720.886263	80045.143095	80337.789300	80887.133035	81169.190925	81033.136353
67359.720604	68354.678653	68522.925097	69391.716324	69670.050811	70071.319972	71058.179015	71374.616246	71393.675293	72400.281670	72992.920130	73460.669666	73547.631092	74687.688718	74807.109079	75929.617586	75998.245331	76785.604725	77372.739427	78084.524289	78386.855087	78678.627982	79302.048677	79578.942867	79506.155825
64955.268369	65958.467955	66090.630683	67082.966178	67247.662904	67737.001288	68701.695005	69027.660048	69053.289235	70130.920076	70798.941910	71248.339155	71369.972974	72563.539911	72730.507058	73926.796742	74006.445859	74833.186503	75469.555719	76251.094334	76623.753901	76849.255391	77532.925417	77844.532316	77767.708386
62292.139311	63394.170833	63533.015284	64575.206743	64735.939933	65133.830878	66231.804951	66437.591467	66519.294460	67692.662182	68416.690510	68888.127586	68955.274576	70293.063147	70432.208742	71801.084609	71822.256837	72722.742354	73407.838532	74272.446886	74660.422075	74904.723797	75655.681535	75992.752291	75856.914625
59466.841832	60607.181809	60775.797936	61861.744162	61998.586827	62432.267775	63437.643320	63698.465231	63760.480082	65071.515468	65816.714617	66282.981386	66412.925785	67778.306174	67942.017594	69400.296748	69502.334333	70393.497888	71166.078966	72086.584682	72505.368174	72749.959352	73606.616479	73916.566703	73711.452225
56411.359658	57644.206211	57819.912455	58945.225639	59094.404537	59540.729810	60588.716429	60682.597119	60844.562157	62194.022839	63081.442407	63490.749212	63600.749211	65118.743123	65190.358704	66843.564783	66904.373325	67905.782529	68696.765546	69706.906794	70146.597258	70382.146925	71373.214039	71711.367197	71412.268643
53196.933974	54464.221412	54717.844220	55807.770963	56023.538424	56427.015179	57562.491514	57525.268763	57621.100239	59198.042811	60104.309959	60499.527409	60614.551167	62221.053276	62215.528791	64020.087259	64138.915529	65147.463097	66013.736400	67069.574257	67577.091507	67789.336280	68876.785093	69267.704247	68896.449739
49688.012171	51149.196605	51360.129317	52550.850597	52719.651486	53119.467625	54297.357788	54208.832352	54245.740922	55816.107910	56924.645975	57288.077116	57411.444433	59079.860751	58978.983134	61013.995827	61071.857150	62162.364787	63037.512046	64226.416525	64739.652232	64975.824024	66165.991651	66576.231042	66161.730132
46053.798201	47642.990284	47857.631082	49078.159555	49247.616771	49712.218839	50817.886022	50738.219783	50704.339612	52451.573452	53399.371283	53917.981512	53939.878333	55750.644439	55532.051520	57748.036658	57833.445432	58927.391602	59863.272095	61087.100887	61659.577829	61886.620564	63245.853380	63695.113714	63129.881440
42246.960709	43968.699134	44221.711364	45524.168426	45658.070924	46102.317254	47178.917465	47047.401775	46956.659099	48770.105582	49861.798404	50210.882116	50313.737356	52170.623345	51885.663053	54293.312689	54311.461995	55460.932989	56417.200401	57794.363490	58356.393496	58564.560679	60031.155412	60549.638933	59856.946509
38306.121344	40149.418163	40461.159245	41735.290204	41976.247397	42323.792219	43466.958764	43226.030571	43131.214559	44950.976839	46136.721695	46504.003242	46322.895251	48432.034427	48016.468218	50643.700519	50556.447050	51777.883155	52844.467534	54177.183907	54822.503132	54900.827677	56585.624704	57126.592021	56346.619867
34472.786701	36251.180596	36550.009943	37802.887326	38148.437161	38538.581898	39582.188014	39333.000253	39132.968609	41080.617379	42233.137198	42486.442269	42359.070962	44403.645903	44108.189423	46779.667577	46651.380265	47861.094521	49042.079161	50486.735442	51026.102488	51092.841359	52896.683872	53483.044603	52539.274717
30577.633940	32358.449602	32642.341278	33865.483969	34198.072655	34627.201132	35645.215652	35358.607847	35151.869497	37084.726549	38261.167768	38456.403000	38164.313703	40397.128116	39923.520898	42782.782416	42560.249389	43816.972210	45058.718799	46490.046561	47084.656593	46995.600045	49019.437848	49565.222096	48522.385496
26824.108894	28527.522374	28702.236998	30006.274757	30221.979233	30711.151914	31658.499655	31390.425228	31038.797219	33062.075780	34174.449141	34344.735262	33956.335953	36176.138714	35777.723961	38601.667253	38404.744993	39610.243330	40887.161772	42413.765186	42967.806187	42807.529468	44841.666770	45508.560053	44291.622742
23114.386007	24840.932063	24888.219352	26123.351048	26317.805299	26840.636312	27723.243763	27423.638621	27034.838848	29022.806293	30121.563957	30182.589455	29786.066109	32006.182654	31490.005176	34441.038984	34087.828904	35441.655733	36680.370631	38215.410693	38734.937207	38455.722001	40653.329763	41228.006137	39952.763584
19582.170624	21248.506411	21239.335815	22394.664230	22687.208887	23024.282167	23874.699921	23545.270629	23158.206755	25103.383781	26150.027370	26187.583372	25641.214662	27964.866157	27342.401293	30220.977852	29986.690783	31073.819659	32415.732876	33881.626173	34455.754953	34045.495118	36233.239347	36913.503228	35471.271484
16405.282797	17851.909035	17779.790496	18912.018416	19084.457250	19411.303599	20191.812895	19895.449901	19449.651205	21375.942951	22367.801667	22392.823913	21801.185560	23927.955923	23319.821132	26142.953559	25881.962049	26984.292396	28051.236845	29684.561786	30207.551892	29657.259570	31931.718021	32542.486590	31041.321608
13357.733113	14805.232418	14634.322003	15671.456604	15762.717764	16080.473725	16768.513954	16414.994555	16018.831744	17824.596343	18746.910842	18751.598127	18057.338228	20162.828580	19512.031322	22222.620673	21926.743790	22905.071326	24008.006104	25410.130590	26088.630138	25413.437194	27629.875514	28184.559539	26581.371192
10583.268002	11919.541966	11874.914016	12676.362481	12784.803186	13031.721027	13666.716588	13299.699733	12890.949974	14513.166702	15425.165672	15319.158672	14695.302168	16598.733131	16027.970813	18476.913224	18207.959089	19141.748483	20085.474045	21493.901186	22046.804631	21334.390562	23515.709190	24001.382908	22423.397101
8253.991641	9330.727272	9327.656859	10124.282826	10105.918904	10329.359588	10869.590561	10537.921989	10192.035224	11576.358527	12328.146154	12262.879835	11663.382856	13409.957318	12786.557149	15125.657178	14816.269633	15573.768559	16489.097082	17768.985824	18461.122067	17529.325676	19660.625612	20093.001045	18511.787860
6229.499027	7135.410351	7128.805383	7811.503679	7912.662354	7981.936744	8453.713318	8125.919976	7833.025117	9031.576809	9706.692108	9560.322286	9024.087551	10562.549017	9998.923931	12002.505300	11755.749624	12387.430960	13283.028764	14393.027907	14963.510663	14259.009188	16124.034816	16514.961720	14913.394193
4557.835771	5318.599350	5194.074091	5805.962526	5918.135756	6018.437752	6348.595297	6060.456708	5860.114382	6885.981075	7519.014996	7293.547772	6761.175891	8091.479908	7597.480806	9364.396857	9164.144880	9709.181470	10466.437477	11423.664267	11959.553945	11251.143730	13051.791771	13252.394014	11849.814926
3264.472362	3821.165809	3664.192150	4149.055987	4231.623913	4374.781701	4670.700022	4402.420350	4256.816303	5107.920941	5601.242369	5479.609000	4932.796946	6058.704195	5656.393930	7106.136508	6961.624917	7372.539770	8047.196526	8859.435433	9320.094253	8631.853264	10248.734325	10536.143182	9133.805523
2302.557304	2667.424922	2568.113269	2841.445494	2854.201971	2976.970757	3269.372431	3137.975546	2999.864702	3649.497500	4156.158598	3988.044301	3525.473861	4438.563626	4045.829270	5264.470782	5107.957856	5439.514360	6004.726440	6716.433178	7075.806286	6538.051504	7908.532689	8158.750729	6976.811345
1544.643621	1833.319049	1737.107955	1834.768830	1802.204143	1861.799618	2098.595504	2082.933116	2041.707495	2577.294837	2955.431307	2844.754539	2479.662945	3182.703148	2796.197525	3762.939478	3645.373594	3872.826081	4406.223571	4993.438332	5313.520661	4833.553304	6012.131392	6179.374840	5145.907002
1014.105741	1222.972088	1173.593260	1150.087886	1084.114384	1052.226027	1235.306139	1229.570285	1257.274777	1792.168336	2021.780474	1947.365589	1679.204365	2232.065604	1865.552508	2594.818287	2530.763209	2718.413929	3144.201882	3625.744446	3887.075940	3506.192787	4493.760657	4608.349186	3722.072540
684.073051	796.113924	740.540860	724.176631	634.557446	559.500149	627.349465	632.572266	684.559932	1178.064396	1413.482135	1313.927449	1095.025833	1496.324043	1214.564131	1772.860473	1659.165576	1849.107312	2192.305982	2559.994056	2748.548940	2508.023462	3308.231016	3393.453040	2670.572319
